episode,timestep,episode_reward,episode_length,rolling_median_20,rolling_median_100,rolling_mean_20,rolling_mean_100
1,3,0.16987362504005432,3,0.16987362504005432,0.16987362504005432,0.16987362504005432,0.16987362504005432
2,4,-0.5,1,-0.5,-0.5,-0.5,-0.5
3,8,0.3822254240512848,4,0.3822254240512848,0.3822254240512848,0.3822254240512848,0.3822254240512848
4,119,40.98627233505249,111,40.98627233505249,40.98627233505249,40.98627233505249,40.98627233505249
5,350,82.53367495536804,231,82.53367495536804,82.53367495536804,82.53367495536804,82.53367495536804
6,586,83.26620745658875,236,83.26620745658875,83.26620745658875,83.26620745658875,83.26620745658875
7,642,18.188900381326675,56,18.188900381326675,18.188900381326675,18.188900381326675,18.188900381326675
8,645,0.08339914679527283,3,0.08339914679527283,0.08339914679527283,0.08339914679527283,0.08339914679527283
9,718,23.419982969760895,73,23.419982969760895,23.419982969760895,23.419982969760895,23.419982969760895
10,857,47.840854465961456,139,47.840854465961456,47.840854465961456,47.840854465961456,47.840854465961456
11,858,-0.5,1,-0.5,-0.5,-0.5,-0.5
12,859,-0.5,1,-0.5,-0.5,-0.5,-0.5
13,918,19.034980952739716,59,19.034980952739716,19.034980952739716,19.034980952739716,19.034980952739716
14,1062,51.25791344046593,144,51.25791344046593,51.25791344046593,51.25791344046593,51.25791344046593
15,1066,0.39880409836769104,4,0.39880409836769104,0.39880409836769104,0.39880409836769104,0.39880409836769104
16,1186,41.78894969820976,120,41.78894969820976,41.78894969820976,41.78894969820976,41.78894969820976
17,1192,0.9871240258216858,6,0.9871240258216858,0.9871240258216858,0.9871240258216858,0.9871240258216858
18,1321,46.651926666498184,129,46.651926666498184,46.651926666498184,46.651926666498184,46.651926666498184
19,1327,1.2659070193767548,6,1.2659070193767548,1.2659070193767548,1.2659070193767548,1.2659070193767548
20,1328,-0.5,1,9.727403700351715,-0.5,22.812849833071233,-0.5
21,1330,-0.1563061773777008,2,9.727403700351715,-0.1563061773777008,22.796540842950343,-0.1563061773777008
22,1334,0.45765581727027893,4,9.727403700351715,0.45765581727027893,22.844423633813857,0.45765581727027893
23,1396,22.061628490686417,62,18.611940667033195,22.061628490686417,23.928393787145616,22.061628490686417
24,1404,1.9147164523601532,8,10.051808416843414,1.9147164523601532,21.974815993011,1.9147164523601532
25,1543,49.26207846403122,139,10.051808416843414,49.26207846403122,20.311236168444157,49.26207846403122
26,1614,24.595832228660583,71,10.051808416843414,24.595832228660583,17.377717407047747,24.595832228660583
27,1740,44.84027272462845,126,10.474848702549934,44.84027272462845,18.710286024212838,44.84027272462845
28,1825,29.642945885658264,85,20.548304721713066,29.642945885658264,20.188263361155986,29.642945885658264
29,1836,2.7257382571697235,11,10.88035960495472,2.7257382571697235,19.153551125526427,2.7257382571697235
30,2214,129.9566406905651,378,10.88035960495472,129.9566406905651,23.25934043675661,129.9566406905651
31,2262,16.626707911491394,48,17.830844432115555,16.626707911491394,24.11567583233118,16.626707911491394
32,2432,62.78433844447136,170,20.548304721713066,62.78433844447136,27.279892754554748,62.78433844447136
33,2859,146.64569133520126,427,23.3287303596735,146.64569133520126,33.66042827367782,146.64569133520126
34,3242,133.16932794451714,383,23.3287303596735,133.16932794451714,37.755998998880386,133.16932794451714
35,3762,178.822592318058,520,27.119389057159424,178.822592318058,46.677188409864904,178.822592318058
36,4079,115.71739229559898,317,27.119389057159424,115.71739229559898,50.373610539734365,115.71739229559898
37,4082,0.03703498840332031,3,27.119389057159424,0.03703498840332031,50.326106087863444,0.03703498840332031
38,4130,16.46112748980522,48,23.3287303596735,16.46112748980522,48.8165661290288,16.46112748980522
39,4216,31.84322953224182,86,27.119389057159424,31.84322953224182,50.34543225467205,31.84322953224182
40,4247,10.668670743703842,31,27.119389057159424,10.668670743703842,50.90386579185724,10.668670743703842
41,4334,30.059623539447784,87,29.851284712553024,30.059623539447784,52.41466227769852,30.059623539447784
42,4518,69.01028314232826,184,30.951426535844803,69.01028314232826,55.842293643951415,69.01028314232826
43,4610,33.5519235432148,92,32.69757653772831,33.5519235432148,56.416808396577835,33.5519235432148
44,4612,-0.20178309082984924,2,32.69757653772831,-0.20178309082984924,56.310983419418335,-0.20178309082984924
45,4708,35.70780789852142,96,32.69757653772831,35.70780789852142,55.633269891142845,35.70780789852142
46,4727,5.98823869228363,19,32.69757653772831,5.98823869228363,54.702890214324,5.98823869228363
47,5454,259.8298455476761,727,32.69757653772831,259.8298455476761,65.45236885547638,259.8298455476761
48,6259,278.5053106099367,805,34.62986572086811,278.5053106099367,77.8954870916903,278.5053106099367
49,6407,53.41449883580208,148,44.56115336716175,53.41449883580208,80.42992512062192,53.41449883580208
50,6572,60.66413328051567,165,44.56115336716175,60.66413328051567,76.96529975011944,60.66413328051567
51,6994,146.00287064909935,422,57.039316058158875,146.00287064909935,83.43410788699984,146.00287064909935
52,8664,562.0916658043861,1670,57.039316058158875,562.0916658043861,108.39947425499558,562.0916658043861
53,9330,223.62600383162498,666,57.039316058158875,223.62600383162498,112.24848987981677,223.62600383162498
54,10610,421.6932773590088,1280,57.039316058158875,421.6932773590088,126.67468735054135,421.6932773590088
55,10844,76.93509781360626,234,57.039316058158875,76.93509781360626,121.58031262531877,76.93509781360626
56,11060,72.38942730426788,216,57.039316058158875,72.38942730426788,119.41391437575221,72.38942730426788
57,11202,50.883200615644455,142,57.039316058158875,50.883200615644455,121.95622265711427,50.883200615644455
58,11338,48.76279258728027,136,57.039316058158875,48.76279258728027,123.57130591198802,48.76279258728027
59,11450,41.0292963385582,112,57.039316058158875,41.0292963385582,124.03060925230383,41.0292963385582
60,11855,134.0026281028986,405,64.83720821142197,134.0026281028986,130.1973071202636,134.0026281028986
61,11982,44.19654530286789,127,64.83720821142197,44.19654530286789,130.9041532084346,44.19654530286789
62,11983,-0.5,1,57.039316058158875,-0.5,127.42863905131817,-0.5
63,12108,45.1815624833107,125,57.039316058158875,45.1815624833107,128.01012099832298,45.1815624833107
64,12112,0.501739501953125,4,57.039316058158875,0.501739501953125,128.0452971279621,0.501739501953125
65,12268,53.83139416575432,156,57.247763723134995,53.83139416575432,128.95147644132376,53.83139416575432
66,12425,59.996708899736404,157,60.33042109012604,59.996708899736404,131.6518999516964,59.996708899736404
67,12753,120.1156989634037,328,60.33042109012604,120.1156989634037,124.66619262248278,120.1156989634037
68,12754,-0.5,1,56.91405153274536,-0.5,110.71592709198595,-0.5
69,12895,51.189316749572754,141,56.91405153274536,51.189316749572754,110.60466798767447,51.189316749572754
70,13323,150.56398767232895,428,56.91405153274536,150.56398767232895,115.09966070726514,150.56398767232895
71,14033,255.81871062517166,710,56.91405153274536,255.81871062517166,120.59045270606876,255.81871062517166
72,14430,136.09359255433083,397,56.91405153274536,136.09359255433083,99.29054904356599,136.09359255433083
73,14550,42.96077799797058,120,52.510355457663536,42.96077799797058,90.25728775188327,42.96077799797058
74,14670,42.6321927011013,120,51.036258682608604,42.6321927011013,71.3042335189879,42.6321927011013
75,14785,41.59233999252319,115,49.822996601462364,41.59233999252319,69.53709562793374,41.59233999252319
76,14896,39.92085915803909,111,46.97217753529549,39.92085915803909,67.9136672206223,39.92085915803909
77,15007,40.59203705191612,111,44.689053893089294,40.59203705191612,67.39910904243588,40.59203705191612
78,15127,43.82522988319397,120,44.01088759303093,43.82522988319397,67.15223090723157,43.82522988319397
79,15234,40.02134534716606,107,44.01088759303093,40.02134534716606,67.10183335766196,40.02134534716606
80,15371,51.76475393772125,137,44.01088759303093,51.76475393772125,62.9899396494031,51.76475393772125
81,15492,42.203522115945816,121,43.393003940582275,42.203522115945816,62.89028849005699,42.203522115945816
82,15619,45.55236768722534,127,44.503396183252335,45.55236768722534,65.19290687441826,45.55236768722534
83,15767,55.95662409067154,148,44.688798785209656,55.95662409067154,65.7316599547863,55.95662409067154
84,15899,46.67727091908455,132,46.114819303154945,46.67727091908455,68.04043652564287,46.67727091908455
85,16023,46.32644075155258,124,45.93940421938896,46.32644075155258,67.66518885493278,46.32644075155258
86,17035,338.95208786427975,1012,45.93940421938896,338.95208786427975,81.61295780315996,338.95208786427975
87,17483,153.88006764650345,448,45.93940421938896,153.88006764650345,83.30117623731493,153.88006764650345
88,17486,0.0102023184299469,3,45.93940421938896,0.0102023184299469,83.32668635323644,0.0102023184299469
89,18868,471.65669414401054,1382,45.93940421938896,471.65669414401054,104.35005522295833,471.65669414401054
90,19312,153.76027953624725,444,45.93940421938896,153.76027953624725,104.50986981615424,153.76027953624725
91,20303,354.74299043416977,991,45.93940421938896,354.74299043416977,109.45608380660414,354.74299043416977
92,20313,2.663043826818466,10,44.688798785209656,2.663043826818466,102.78455637022853,2.663043826818466
93,20435,44.18522962927818,122,44.86879865825176,44.18522962927818,102.8457789517939,44.18522962927818
94,20591,58.30267411470413,156,45.93940421938896,58.30267411470413,103.62930302247405,58.30267411470413
95,20724,49.949727445840836,133,46.501855835318565,49.949727445840836,104.04717239513994,49.949727445840836
96,20846,43.570053070783615,122,46.501855835318565,43.570053070783615,104.22963209077716,43.570053070783615
97,20895,17.05345830321312,49,46.501855835318565,17.05345830321312,103.05270315334201,17.05345830321312
98,20908,3.744949907064438,13,46.501855835318565,3.744949907064438,101.04868915453554,3.744949907064438
99,21034,46.3992263674736,126,46.538248643279076,46.3992263674736,101.36758320555091,46.3992263674736
100,21159,46.96483790874481,125,46.538248643279076,44.190887466073036,101.12758740410209,73.60630995973945
101,21169,2.4434018433094025,10,46.538248643279076,44.190887466073036,99.13958139047027,73.62904524192214
102,21173,0.6026361286640167,4,46.538248643279076,44.190887466073036,96.8920948125422,73.64007160320878
103,21424,95.68286237120628,251,46.538248643279076,44.51840901374817,98.87840672656894,74.59307797268033
104,21430,1.2841529548168182,6,46.36283355951309,44.51840901374817,96.60875082835555,74.19605677887797
105,22370,320.67471328377724,940,46.68203213810921,44.51840901374817,110.32616445496679,76.57746716216207
106,22465,34.71466153860092,95,45.29222799837589,44.190887466073036,95.11429313868284,76.09195170298219
107,22590,46.20261973142624,125,45.19392468035221,44.51840901374817,89.73042074292898,76.37208889648318
108,22957,136.48632544279099,367,46.30092304944992,45.010917603969574,96.55422689914704,77.73611815944314
109,23078,41.28603968024254,121,45.19392468035221,45.010917603969574,75.03569417595864,77.91477872654795
110,23204,44.535991460084915,126,44.36061054468155,44.68813209235668,69.57447977215051,77.88173009648919
111,23336,45.7477148771286,132,44.36061054468155,45.010917603969574,54.124715994298455,78.34420724526048
112,23702,131.05017125606537,366,45.14185316860676,45.36696508526802,60.544072365760805,79.65970895782112
113,23763,21.102683186531067,61,45.14185316860676,45.36696508526802,59.38994504362345,79.68038598015904
114,23808,14.413139820098877,45,44.053022265434265,45.010917603969574,57.195468328893185,79.31193824395537
115,23842,11.447395145893097,34,42.42804637551308,45.010917603969574,55.2703517138958,79.42242415443063
116,23988,53.31532475352287,146,42.91101557016373,45.36696508526802,55.75761529803276,79.53768790498376
117,24127,53.56488847732544,139,45.14185316860676,45.65004128217697,57.583186806738375,80.0634655494988
118,24239,40.931215316057205,112,45.14185316860676,45.36696508526802,59.442500077188015,80.00625843599438
119,24445,74.91790825128555,206,45.14185316860676,45.65004128217697,60.86843417137861,80.74277844831347
120,24840,148.7232399880886,395,45.14185316860676,45.97516730427742,65.9563542753458,82.23501084819436
121,25116,100.13986748456955,276,45.97516730427742,46.26453024148941,70.84117755740881,83.23797258481383
122,25508,145.49268901348114,392,49.758972242474556,46.36283355951309,78.08568020164967,84.68832291677595
123,25555,16.449794203042984,47,45.97516730427742,46.36283355951309,74.1240267932415,84.63220457389951
124,25936,131.7050907611847,381,49.758972242474556,46.538248643279076,80.6450736835599,85.93010831698776
125,26343,145.67509615421295,407,49.758972242474556,46.538248643279076,71.89509282708168,86.89423849388957
126,26561,81.4718756377697,218,53.440106615424156,46.82105441391468,74.23295353204011,87.46299892798066
127,26932,137.526995241642,371,64.2413983643055,47.86381524801254,78.7991723075509,88.38986615315079
128,29461,876.2695191949606,2529,64.2413983643055,49.356260016560555,115.78833199515938,96.85613188624382
129,30844,454.11872684955597,1383,78.19489194452763,50.416464030742645,136.42996635362505,101.37006177216769
130,31063,79.59197694063187,219,80.53192628920078,50.416464030742645,138.1827656276524,100.86641513466834
131,31404,124.38439723849297,341,90.80587156116962,51.036258682608604,142.11459974572062,101.94399202793836
132,31622,81.96497765183449,218,81.7184266448021,51.036258682608604,139.66034006550908,102.135798420012
133,32116,179.05766880512238,494,91.05242256820202,51.036258682608604,147.55808934643863,102.45991819471121
134,32347,86.1367637515068,231,93.13831561803818,51.036258682608604,151.14427054300904,101.9895925527811
135,32864,179.04674807190895,517,112.26213236153126,51.036258682608604,159.52423818930984,101.99183411031962
136,33672,276.24816681444645,808,128.04474399983883,51.036258682608604,170.670880292356,103.59714185550808
137,34365,229.4533259421587,693,134.61604300141335,51.477035343647,179.46530216559768,105.89130476504565
138,34671,112.97566792368889,306,134.61604300141335,52.54003934562206,183.06752479597927,106.85645016938447
139,35043,132.99788296222687,372,135.26243910193443,53.364911794662476,185.97152353152632,107.86799670368433
140,35102,20.1748149394989,59,132.35148686170578,53.364911794662476,179.54410227909685,107.96305814564228
141,35907,273.07366985082626,805,135.26243910193443,53.48969365656376,188.19079239740967,110.39319860875607
142,36522,228.8999794125557,615,135.26243910193443,53.48969365656376,192.36115691736342,111.99209557145834
143,39332,951.0480338484049,2810,141.60104569792747,53.69814132153988,239.0910688996315,121.16705667451023
144,40135,272.41007831692696,803,162.36092211306095,54.89400912821293,246.12631827741862,123.89317528858781
145,41223,356.31964303553104,1088,179.05220843851566,57.129649102687836,256.6585456214845,127.0992936399579
146,42249,341.2621269375086,1026,203.97882410883904,59.14969150722027,269.6480581864715,130.45203252241015
147,48740,2220.239862009883,6491,229.1766526773572,59.14969150722027,373.7837015248835,150.05613268703223
148,49163,150.18717861175537,423,203.97882410883904,59.14969150722027,337.47958449572326,148.7729513670504
149,49684,173.20980778336525,521,179.05220843851566,60.33042109012604,323.43413854241373,149.97090445652603
150,50487,270.45842999219894,803,203.97882410883904,66.19306810200214,332.9774611949921,152.06884742364286
151,51219,243.57493126392365,732,229.1766526773572,66.19306810200214,338.9369878962636,153.04456802979112
152,51925,235.04958227276802,706,232.25145410746336,66.19306810200214,346.5912181273103,149.77414719447495
153,52858,309.1918234080076,933,239.31225676834583,66.19306810200214,353.0979258574545,150.62980539023877
154,53569,233.2009343057871,711,239.31225676834583,66.19306810200214,360.45113438516853,148.74488195970653
155,54079,171.13309666514397,510,239.31225676834583,66.19306810200214,360.0554518148303,149.68686194822192
156,54126,16.433454990386963,47,234.12525828927755,59.14969150722027,347.06471622362733,149.1273022250831
157,54500,130.28354755043983,374,234.12525828927755,67.45730857551098,342.1062273040414,149.92130569443106
158,55012,171.96212807297707,512,234.12525828927755,77.25494259595871,345.0555503115058,151.15329904928802
159,55041,8.349082589149475,29,234.12525828927755,77.25494259595871,338.82311029285194,150.82649691179395
160,55188,55.39756324887276,147,234.12525828927755,67.45730857551098,340.5842477083206,150.0404462632537
161,55559,138.66023755073547,371,231.0504568591714,77.25494259595871,333.86357609331606,150.98508318573238
162,55763,73.40682330727577,204,203.20537104457617,77.25494259595871,326.08891828805207,151.72415141880512
163,57071,440.8766106069088,1308,203.20537104457617,80.53192628920078,300.58034712597726,155.6811019000411
164,57238,60.28186517953873,167,172.58596792817116,80.53192628920078,289.97393646910785,156.27890315681697
165,58047,280.5308199673891,809,172.58596792817116,81.7184266448021,286.18449531570076,158.54589741483332
166,58413,127.68084987998009,366,171.54761236906052,84.05087070167065,275.50543146282433,159.22273882463574
167,60808,794.7126132845879,2395,171.54761236906052,84.05087070167065,204.22906902655959,165.9687079678476
168,61321,173.596264898777,513,172.58596792817116,90.90981306135654,205.39952334091066,167.70967061683535
169,61694,127.42312252521515,373,171.54761236906052,97.91136492788792,203.11018907800317,168.4720086745918
170,62123,155.21295043826103,429,163.1730235517025,97.91136492788792,197.34791510030627,168.5184983022511
171,62643,179.74596786499023,520,163.1730235517025,97.91136492788792,194.1564669303596,167.75777087464928
172,63886,401.52411349117756,1243,163.1730235517025,97.91136492788792,202.4801934912801,170.41207608401774
173,64695,273.0146361589432,809,163.1730235517025,106.55776770412922,200.67133412882686,172.71261466562748
174,65211,166.04896634817123,516,160.63095839321613,118.68003258109093,197.31373573094606,173.94678240209817
175,66581,463.6597188860178,1370,160.63095839321613,125.90375988185406,211.94006684198976,178.16745619103312
176,67679,373.9512799233198,1098,169.00554721057415,127.55198620259762,229.8159580886364,181.50776039868595
177,68198,171.37604689598083,519,171.66908748447895,128.98219871520996,231.87058305591344,182.81560049712658
178,69001,265.01059153676033,803,172.48615589737892,130.6668594032526,236.5230062291026,185.02745411366223
179,72261,1091.9773178696632,3260,176.67111638188362,131.37763100862503,290.7044179931283,195.5470138388872
180,72777,176.36115556955338,516,178.0535617172718,132.35148686170578,296.7525976091623,196.79297785520555
181,76170,1161.3846040070057,3393,222.37827970087528,134.74210420250893,347.88881593197584,207.98478867411615
182,78133,631.9380552470684,1963,269.01261384785175,137.0066603422165,375.8153775289655,213.84864554971458
183,78513,127.69842591881752,380,222.37827970087528,137.0066603422165,360.1564682945609,214.56606356799603
184,79031,178.29605880379677,518,222.37827970087528,138.09361639618874,366.0571779757738,215.88225144684316
185,79546,173.9309747517109,515,179.0210133343935,142.0764632821083,360.7271857149899,217.15829678684474
186,80806,421.4602814912796,1260,222.37827970087528,142.0764632821083,375.41615729555485,217.98337872311473
187,83335,847.0887038558722,2529,222.37827970087528,142.0764632821083,378.0349618241191,224.9154650852084
188,84143,272.3774783909321,808,268.6940349638462,145.58389258384705,382.97402249872687,227.63913784593345
189,85522,445.9085276424885,1379,272.69605727493763,145.58389258384705,398.8982927545905,227.3816561809182
190,86043,172.98552507162094,521,272.69605727493763,145.58389258384705,399.7869214862585,227.57390863627197
191,87128,351.7675310820341,1085,312.39108362048864,145.58389258384705,408.3879996471107,227.5441540427506
192,89656,864.3182625770569,2528,312.39108362048864,147.19916807115078,431.52770710140464,236.16070623025297
193,91325,549.9835357069969,1669,362.85940550267696,149.455209299922,445.37615207880737,241.21868929103016
194,91843,174.35512253642082,518,362.85940550267696,152.7000645250082,445.79145988821983,242.37921377524734
195,94663,990.0347889661789,2820,362.85940550267696,160.63095839321613,472.1102133922279,251.78006439045072
196,95764,369.4134760648012,1101,360.59050357341766,168.5910315066576,471.88332319930197,255.0384986203909
197,96857,351.41374307870865,1093,360.59050357341766,171.2545717805624,480.8852080084383,258.38210146814583
198,99585,914.5317197442055,2728,395.4368787780404,171.66908748447895,513.3612644188106,267.48996916651726
